version https://git-lfs.github.com/spec/v1
oid sha256:26b267e8578cb30dc159f6c63d87db2bf76808ce7f13ec194878863b5697054f
size 40492
