version https://git-lfs.github.com/spec/v1
oid sha256:054f8b6f325c6e85190669e1f54b172855b1350ca08c368676c0b662e7403499
size 1081
