version https://git-lfs.github.com/spec/v1
oid sha256:dc696343edac8c9330a57c15cfc5532afc2f667059e463bef02e92ac9ad829ad
size 3363
