version https://git-lfs.github.com/spec/v1
oid sha256:85e7f12e262408fd4a4135a5878ad483bd95d005327b0c4b93f100860c555338
size 36256
