version https://git-lfs.github.com/spec/v1
oid sha256:9412b6a31a307f7d4524ad1d6d13f9ef237233c9d7633a4159f7144168f89038
size 38247
