version https://git-lfs.github.com/spec/v1
oid sha256:88b68db228cc947205a49632316a2f3f47c65eed0e6f8578c9130d554f97cc73
size 3891
