version https://git-lfs.github.com/spec/v1
oid sha256:31aad1aa8ead6978d5c7dc60579e67f7d914bbd0c3f914ba8fab7cdafac8361b
size 3918
