version https://git-lfs.github.com/spec/v1
oid sha256:f75c7c8aa9507eb3d4dae18376dd5867082661d18994f1a950016e4b132d0d4a
size 42752
