version https://git-lfs.github.com/spec/v1
oid sha256:fc254ca1d3054d97e90d376624a035efd44821b744376bd426fd5a6aae760bf7
size 41896
