version https://git-lfs.github.com/spec/v1
oid sha256:22ebbb82c2404b8ff63400cc091f834654f7cd6ffd4cbc1ff567c0c638495f73
size 42962
