version https://git-lfs.github.com/spec/v1
oid sha256:4fb084d9efd7b662ab2ce995974944d40f8edf8d509016f6b00b3b7a1d3dd230
size 1059
