version https://git-lfs.github.com/spec/v1
oid sha256:982e1c5ff9af75c01359b38de2d89c25d91b45d2b96c82d337af6908084c3c73
size 3739
