version https://git-lfs.github.com/spec/v1
oid sha256:c36354d38cc9a94e2ef145513577da37934975082b8dbd50adf643a945f4f929
size 203336
