version https://git-lfs.github.com/spec/v1
oid sha256:7a767dfe131568b6b3b3aba8eb36a92808eaacce03788b8a746c45d3d06ff541
size 3262
